Robert
Chen
98
65
92
45
78
86
99
75
82
91
70
88
95
73
89
65
77
83
91
76
Sophia
Williams
72
94
68
89
76
55
85
90
67
75
93
81
63
92
74
88
69
84
72
91
Jamal
Thompson
85
90
62
71
79
88
91
68
83
75
92
77
59
96
82
69
87
75
65
80
Maria
Garcia
100
87
93
78
82
95
72
89
91
65
84
97
88
76
90
81
96
74
87
93
David
Patel
63
74
85
92
69
77
84
90
68
81
75
89
72
95
67
83
91
76
62
88
Aisha
Khan
87
95
71
83
92
78
67
94
85
73
88
96
79
89
84
77
90
68
91
75
Tyler
Wilson
75
69
82
91
63
77
88
64
95
79
83
72
90
68
85
93
71
87
65
84
Olivia
Martinez
94
82
77
65
91
85
70
93
78
88
66
87
95
72
83
69
90
79
88
96
Samuel
Johnson
68
93
77
85
61
90
75
81
97
70
86
79
91
67
84
95
72
89
63
76
Zoe
Washington
89
72
96
85
78
94
66
82
90
73
95
76
81
93
69
87
75
92
84
70